2506
2579
3498
3616
3617
3618
3620
3621
3622
3623
3624
3625
3626
3627
3628
3629
3630
3631
3633
3634
3635
3636
3637
3638
3639
3640
3641
3642
3643
3644
3645
3646
3647
3648
3959
3960
3961
3964
3965
3971
3972
3973
3974
3975
3976
3977
3978
3979
3980
3983
3984
3986
3987
3988
3989
3990
3991
3992
3993
3994
3995
3996
3997
4004
4005
4006
4007
4008
4009
4010
4011
4012
4013
4014
4015
4016
4017
4018
4019
4020
4022
4023
4024
4025
4026
4028
4029
4031
4032
4033
4040
4041
4042
4043
4044
4045
4046
4047
4048
4049
4052
4053
4054
4055
4056
4057
4058
4060
4061
4062
4063
4064
4067
4068
4085
4086
4087
4088
4089
4090
4091
4092
4093
4094
4095
4252
4253
4254
4255
4256
4257
4258
4270
4271
4272
4273
4351
4352
4353
4354
4355
4356
4357
4369
4370
4371
4372
4375
4376
4463
4468
4469
4470
4471
4472
4655
4657
4660
4661
4697
4698
4699
4700
4701
4843
5063
5150
5238
6148
6149
6150
6519
9444
26141
27053
29120
31953
33952
37342
40372
41362
47106
52546
52561
55507
