1
2
4
5
7
8
9
10
11
12
13
14
15
16
17
19
20
21
22
23
25
26
27
28
29
31
32
33
34
35
37
38
39
40
41
43
44
45
46
47
49
50
51
52
53
55
56
57
58
59
61
62
63
64
65
67
68
69
70
71
73
74
75
76
77
79
80
81
82
83
85
86
87
88
89
91
92
93
94
95
97
99
100
101
102
104
105
106
107
108
110
111
112
113
114
116
117
118
119
120
121
122
123
124
125
126
128
129
130
131
132
134
135
136
137
138
140
141
142
143
144
146
147
148
149
150
152
153
154
155
156
158
159
160
161
162
164
165
166
167
168
170
171
172
173
174
176
177
178
179
180
182
183
184
185
186
188
189
190
191
192
194
195
196
197
198
199
200
201
202
203
204
206
207
208
209
210
212
213
214
215
216
218
219
220
221
222
224
225
226
227
228
230
231
232
233
234
236
237
238
239
240
242
243
244
245
246
248
249
250
251
252
254
255
256
257
258
260
261
262
263
264
266
267
268
269
270
272
273
274
275
276
278
279
280
281
282
284
285
286
287
288
290
291
292
293
294
296
297
298
299
300
302
303
304
305
306
308
309
310
311
312
314
315
316
317
318
320
321
322
323
324
326
327
328
329
330
331
332
333
334
335
336
338
339
340
341
342
344
345
346
347
348
350
351
352
353
354
355
356
357
358
359
360
361
362
365
366
367
368
369
371
372
375
376
377
378
379
380
406
423
426
429
431
432
433
434
435
442
443
445
449
452
454
456
457
458
462
463
464
465
466
467
468
469
470
474
477
482
491
508
638
639
640
641
642
643
644
645
646
647
649
650
651
652
653
654
655
656
657
662
667
672
701
703
704
731
737
757
772
775
780
786
787
789
792
793
795
798
800
941
1074
1075
1078
1093
1106
1109
1111
1112
1113
1114
1121
1144
1235
1236
1371
1392
1402
1418
1432
1433
1447
1448
1449
1458
1459
1460
1461
1496
1531
1534
1536
1545
1550
1551
1554
1556
1559
1561
1562
1570
1572
1595
1599
1602
1603
1605
1606
1608
1609
1610
1611
1612
1614
1615
1616
1617
1618
1619
1620
1621
1622
1623
1624
1625
1626
1627
1628
1629
1631
1632
1633
1634
1635
1636
1637
1638
1641
1644
1645
1646
1647
1648
1655
1660
1661
1663
1664
1665
1667
1668
1669
1670
1671
1672
1673
1674
1675
1677
1678
1679
1680
1681
1683
1684
1685
1688
1690
1691
1692
1693
1694
1695
1697
1699
1700
1701
1704
1706
1708
1710
1711
1712
1713
1714
1715
1716
1717
1719
1720
1722
1723
1725
1726
1727
1728
1733
1736
1739
1740
1741
1742
1744
1745
1747
1750
1753
1757
1758
1760
1761
1762
1764
1765
1767
1769
1770
1771
1772
1773
1775
1776
1777
1778
1781
1782
1783
1784
1785
1815
1817
1820
1822
1832
1835
1837
1838
1839
1840
1849
1898
1948
1949
1950
2025
2026
2031
2033
2048
2062
2063
2096
2118
2122
2123
2151
2152
2153
2154
2156
2159
2164
2165
2166
2167
2170
2171
2173
2206
2207
2208
2209
2210
2211
2212
2213
2214
2215
2216
2217
2230
2237
2238
2240
2243
2244
2245
2246
2247
2248
2249
2250
2251
2325
2437
2438
2440
2441
2442
2443
2444
2445
2446
2447
2448
2449
2450
2451
2452
2453
2476
2477
2478
2479
2480
2481
2482
2483
2484
2485
2486
2487
2489
2490
2491
2492
2493
2494
2495
2506
2528
2529
2530
2564
2579
3498
3616
3617
3618
3620
3621
3622
3623
3624
3625
3626
3627
3628
3629
3630
3631
3633
3634
3635
3636
3637
3638
3639
3640
3641
3642
3643
3644
3645
3646
3647
3648
3651
3871
3872
3873
3874
3875
3876
3877
3891
3892
3893
3894
3895
3896
3897
3898
3899
3900
3901
3902
3903
3904
3905
3906
3907
3908
3959
3960
3961
3964
3965
3971
3972
3973
3974
3975
3976
3977
3978
3979
3980
3983
3984
3986
3987
3988
3989
3990
3991
3992
3993
3994
3995
3996
3997
4004
4005
4006
4007
4008
4009
4010
4011
4012
4013
4014
4015
4016
4017
4018
4019
4020
4022
4023
4024
4025
4026
4028
4029
4031
4032
4033
4040
4041
4042
4043
4044
4045
4046
4047
4048
4049
4052
4053
4054
4055
4056
4057
4058
4060
4061
4062
4063
4064
4067
4068
4085
4086
4087
4088
4089
4090
4091
4092
4093
4094
4095
4252
4253
4254
4255
4256
4257
4258
4270
4271
4272
4273
4351
4352
4353
4354
4355
4356
4357
4369
4370
4371
4372
4375
4376
4463
4468
4469
4470
4471
4472
4655
4657
4660
4661
4697
4698
4699
4700
4701
4703
4704
4705
4706
4752
4753
4754
4755
4756
4829
4830
4843
4888
4917
4918
5063
5137
5150
5174
5175
5223
5238
5340
5671
5744
5817
5854
5950
5951
5952
5957
5958
6010
6011
6012
6013
6014
6015
6016
6017
6018
6019
6020
6021
6022
6023
6024
6025
6026
6027
6028
6029
6030
6031
6032
6033
6036
6069
6070
6071
6072
6073
6074
6075
6076
6077
6078
6079
6080
6081
6082
6084
6085
6093
6094
6097
6148
6149
6150
6438
6451
6506
6511
6512
6513
6514
6515
6516
6517
6518
6519
6520
6521
6522
6523
6524
6525
6526
6527
6528
6529
6530
6531
6532
6533
6534
6535
6536
6537
6538
6539
6540
6541
6542
6543
6544
6545
6546
6547
6548
6549
6550
6551
6552
6553
6554
6555
6556
6557
6558
6559
6560
6561
6562
6563
6564
6565
6566
6567
6568
6569
6570
6571
6572
6573
6574
6575
6576
6577
6578
6579
6580
6581
6668
6670
6671
6672
6673
6674
6675
6676
6677
6678
6679
6680
6681
6682
6683
6684
6685
6686
6687
6688
6689
6690
6691
6692
6693
6694
6695
6696
6697
6698
6699
6700
6701
6702
6703
6704
6705
6706
6707
6708
6709
6710
6711
6712
6713
6714
6715
6716
6717
6718
6719
6720
6721
6722
6723
6724
6725
6726
6727
6728
6729
6730
6731
6732
6743
6744
6745
6746
6747
6930
6964
6965
7047
7116
7117
7169
7170
7171
7172
7173
7174
7175
7176
7177
7178
7179
7180
7181
7182
7183
7184
7185
7186
7187
7188
7189
7190
7193
7271
7362
7363
7364
7365
7366
7367
7368
7369
7370
7371
7372
7373
7374
7375
7376
7377
7378
7379
7380
7381
7382
7383
7384
7385
7386
7387
7388
7389
7390
7391
7392
7393
7394
7395
7396
7397
7398
7399
7400
7401
7402
7403
7404
7405
7406
7407
7408
7409
7410
7411
7412
7413
7414
7415
7416
7417
7418
7419
7420
7421
7422
7423
7424
7425
7426
7427
7428
7429
7430
7431
7432
7546
7547
7548
7549
7574
7735
7736
8347
8353
8354
8870
9367
9444
12147
12535
12602
12603
12960
13802
13805
13806
13807
13808
13809
13810
13811
13812
13813
13814
13815
13816
13817
13818
13819
13820
13821
13822
13823
13824
13825
13826
13827
13828
13829
13830
13831
13832
13833
13834
13835
13836
13837
13838
13839
13840
13841
13842
13843
13844
13845
13846
13847
13848
13849
13850
13851
13852
13853
13854
13855
13856
13857
13858
13859
13860
13861
13862
13863
13864
13865
13866
13914
13915
14366
14367
14949
16388
16632
16640
16841
17915
18723
19011
19049
19050
19148
19149
19166
19167
19196
19206
19207
19208
19209
19210
19211
19212
19238
19239
19240
19241
19244
19245
19246
19247
19248
19249
19251
19261
19262
19263
19264
19389
19715
19829
19863
19864
20185
22998
23077
23406
25150
25151
25152
25153
25154
25155
25156
25157
25158
25159
25160
25161
25162
25163
25164
25165
25166
25167
25168
25169
25170
25171
25172
25173
25174
25175
25176
25177
25178
25179
25180
25181
25182
25183
25184
25185
25186
25187
25188
25189
25190
25191
25192
25193
25194
25195
25196
25197
25198
25199
25200
25201
25202
25203
25204
25205
25206
25207
25208
25209
25210
25211
25212
25216
26027
26141
26160
26725
26755
26756
26806
26809
27053
27350
27894
28183
28185
28260
28948
29017
29120
29798
30094
30446
30699
30978
31539
31768
31934
31946
31953
32344
32590
32601
33021
33257
33923
33952
35506
36547
36660
37141
37239
37240
37342
37974
38008
38009
38559
38561
38714
38715
38716
38717
38718
38735
38790
39467
39540
39568
39597
40372
40927
40986
41045
41046
41242
41277
41278
41362
41499
41657
43012
44724
47106
47488
47857
47898
47907
48725
49059
49061
49120
49358
49704
49712
50360
50444
50449
50456
51093
51328
52546
52561
55507
