2
4
5
7
8
9
10
11
12
13
14
15
16
17
19
20
21
22
23
25
26
27
28
29
31
32
33
34
35
37
38
39
40
41
43
44
45
46
47
49
50
51
52
53
55
56
57
58
59
61
62
63
64
65
67
68
69
70
71
73
74
75
76
77
79
80
81
82
83
85
86
87
88
89
91
92
93
94
95
97
99
100
101
102
104
105
106
107
108
110
111
112
113
114
116
117
118
119
120
121
122
123
124
125
126
128
129
130
131
132
134
135
136
137
138
140
141
142
143
144
146
147
148
149
150
152
153
154
155
156
158
159
160
161
162
164
165
166
167
168
170
171
172
173
174
176
177
178
179
180
182
183
184
185
186
188
189
190
191
192
194
195
196
197
198
199
200
201
202
203
204
206
207
208
209
210
212
213
214
215
216
218
219
220
221
222
224
225
226
227
228
230
231
232
233
234
236
237
238
239
240
242
243
244
245
246
248
249
250
251
252
254
255
256
257
258
260
261
262
263
264
266
267
268
269
270
272
273
274
275
276
278
279
280
281
282
284
285
286
287
288
290
291
292
293
294
296
297
298
299
300
302
303
304
305
306
308
309
310
311
312
314
315
316
317
318
320
321
322
323
324
326
327
328
329
330
331
332
333
334
335
336
338
339
340
341
342
344
345
346
347
348
350
351
352
353
354
355
356
357
358
359
360
361
362
365
366
367
368
369
371
372
375
376
377
378
379
380
406
423
426
429
431
432
433
434
435
442
443
445
449
452
454
456
457
458
462
463
464
465
466
467
468
469
470
474
477
482
491
508
638
639
640
641
642
643
644
645
646
647
649
650
651
652
653
654
655
656
657
662
667
672
701
703
704
737
757
772
775
780
786
789
792
793
795
798
800
941
1074
1075
1078
1093
1106
1109
1111
1112
1113
1114
1121
1236
1536
1561
1595
1603
1638
1701
1817
1832
1835
1837
1838
1839
1840
2025
2026
2031
2033
2062
2230
2238
2251
2325
2437
2438
2564
3651
3871
3872
3873
3874
3875
3876
3877
3891
3892
3893
3894
3895
3896
3897
3898
3899
3900
3901
3902
3903
3904
3905
3906
3907
3908
4888
5223
6438
7574
8347
8870
9367
12535
16388
16632
16640
18723
19389
20185
22998
23406
26027
26160
26725
26755
26756
26806
26809
27350
27894
28183
28185
28260
28948
29017
29798
30094
30446
30699
30978
31539
31768
31934
31946
32344
32590
32601
33021
33257
35506
36547
36660
38559
38561
39540
40986
41657
43012
44724
47488
47857
47898
47907
48725
49059
49061
49120
49358
49704
49712
50360
50444
50449
50456
51093
51328
